# Room Data for Game
RoomType=1
GridSize=50,50
CanSpawnMonsters=1
Doors=1,0,0,0

# Tile Data (Layer,X,Y,Type)
T=0,1,8,1
T=0,13,4,1
T=0,13,5,1
T=0,13,6,1
T=0,13,7,1
T=0,13,8,1
T=0,13,9,1
T=0,13,10,1
T=0,13,11,1
T=0,13,12,1
T=0,13,13,1
T=0,13,14,1
T=0,13,15,1
T=0,13,16,1
T=0,13,17,1
T=0,13,18,1
T=0,13,19,1
T=0,13,20,1
T=0,13,21,1
T=0,14,4,1
T=0,14,21,1
T=0,15,4,1
T=0,15,21,1
T=0,16,4,1
T=0,16,21,1
T=0,17,4,1
T=0,17,21,1
T=0,18,4,1
T=0,18,21,1
T=0,19,4,1
T=0,19,21,1
T=0,20,4,1
T=0,20,21,1
T=0,21,4,1
T=0,21,21,1
T=0,22,4,1
T=0,22,21,1
T=0,23,4,1
T=0,23,21,1
T=0,24,4,1
T=0,24,21,1
T=0,25,4,1
T=0,25,21,1
T=0,26,4,1
T=0,26,21,1
T=0,27,4,1
T=0,27,21,1
T=0,28,4,1
T=0,28,21,1
T=0,29,4,1
T=0,29,21,1
T=0,30,4,1
T=0,30,21,1
T=0,31,4,1
T=0,31,5,1
T=0,31,6,1
T=0,31,7,1
T=0,31,8,1
T=0,31,9,1
T=0,31,10,1
T=0,31,11,1
T=0,31,12,1
T=0,31,13,1
T=0,31,14,1
T=0,31,15,1
T=0,31,16,1
T=0,31,17,1
T=0,31,18,1
T=0,31,19,1
T=0,31,20,1
T=0,31,21,1
T=0,36,5,1
T=0,37,5,1
T=0,43,8,1
T=1,1,8,1
T=1,13,4,1
T=1,13,5,1
T=1,13,6,1
T=1,13,7,1
T=1,13,8,1
T=1,13,9,1
T=1,13,10,1
T=1,13,11,1
T=1,13,12,1
T=1,13,13,1
T=1,13,14,1
T=1,13,15,1
T=1,13,16,1
T=1,13,17,1
T=1,13,18,1
T=1,13,19,1
T=1,13,20,1
T=1,13,21,1
T=1,14,4,1
T=1,14,21,1
T=1,15,4,1
T=1,15,21,1
T=1,16,4,1
T=1,16,21,1
T=1,17,4,1
T=1,17,21,1
T=1,18,4,1
T=1,18,21,1
T=1,19,4,1
T=1,19,21,1
T=1,20,4,1
T=1,20,21,1
T=1,21,4,1
T=1,21,21,1
T=1,22,4,1
T=1,22,21,1
T=1,23,4,1
T=1,23,21,1
T=1,24,4,1
T=1,24,21,1
T=1,25,4,1
T=1,25,21,1
T=1,26,4,1
T=1,26,21,1
T=1,27,4,1
T=1,27,21,1
T=1,28,4,1
T=1,28,21,1
T=1,29,4,1
T=1,29,21,1
T=1,30,4,1
T=1,30,21,1
T=1,31,4,1
T=1,31,5,1
T=1,31,6,1
T=1,31,7,1
T=1,31,8,1
T=1,31,9,1
T=1,31,10,1
T=1,31,11,1
T=1,31,12,1
T=1,31,13,1
T=1,31,14,1
T=1,31,15,1
T=1,31,16,1
T=1,31,17,1
T=1,31,18,1
T=1,31,19,1
T=1,31,20,1
T=1,31,21,1
T=1,36,5,1
T=1,37,5,1
T=1,43,8,1
T=2,1,8,1
T=2,13,4,1
T=2,13,5,1
T=2,13,6,1
T=2,13,7,1
T=2,13,8,1
T=2,13,9,1
T=2,13,10,1
T=2,13,11,1
T=2,13,12,1
T=2,13,13,1
T=2,13,14,1
T=2,13,15,1
T=2,13,16,1
T=2,13,17,1
T=2,13,18,1
T=2,13,19,1
T=2,13,20,1
T=2,13,21,1
T=2,14,4,1
T=2,14,21,1
T=2,15,4,1
T=2,15,21,1
T=2,16,4,1
T=2,16,21,1
T=2,17,4,1
T=2,17,21,1
T=2,18,4,1
T=2,18,21,1
T=2,19,4,1
T=2,19,21,1
T=2,20,4,1
T=2,20,21,1
T=2,21,4,1
T=2,21,21,1
T=2,22,4,1
T=2,22,21,1
T=2,23,4,1
T=2,23,21,1
T=2,24,4,1
T=2,24,21,1
T=2,25,4,1
T=2,25,21,1
T=2,26,4,1
T=2,26,21,1
T=2,27,4,1
T=2,27,21,1
T=2,28,4,1
T=2,28,21,1
T=2,29,4,1
T=2,29,21,1
T=2,30,4,1
T=2,30,21,1
T=2,31,4,1
T=2,31,5,1
T=2,31,6,1
T=2,31,7,1
T=2,31,8,1
T=2,31,9,1
T=2,31,10,1
T=2,31,11,1
T=2,31,12,1
T=2,31,13,1
T=2,31,14,1
T=2,31,15,1
T=2,31,16,1
T=2,31,17,1
T=2,31,18,1
T=2,31,19,1
T=2,31,20,1
T=2,31,21,1
T=2,36,5,1
T=2,37,5,1
T=2,43,8,1
T=3,1,8,1
T=3,13,4,1
T=3,13,5,1
T=3,13,6,1
T=3,13,7,1
T=3,13,8,1
T=3,13,9,1
T=3,13,10,1
T=3,13,11,1
T=3,13,12,1
T=3,13,13,1
T=3,13,14,1
T=3,13,15,1
T=3,13,16,1
T=3,13,17,1
T=3,13,18,1
T=3,13,19,1
T=3,13,20,1
T=3,13,21,1
T=3,14,4,1
T=3,14,21,1
T=3,15,4,1
T=3,15,21,1
T=3,16,4,1
T=3,16,21,1
T=3,17,4,1
T=3,17,21,1
T=3,18,4,1
T=3,18,21,1
T=3,19,4,1
T=3,19,21,1
T=3,20,4,1
T=3,20,21,1
T=3,21,4,1
T=3,21,21,1
T=3,22,4,1
T=3,22,21,1
T=3,23,4,1
T=3,23,21,1
T=3,24,4,1
T=3,24,21,1
T=3,25,4,1
T=3,25,21,1
T=3,26,4,1
T=3,26,21,1
T=3,27,4,1
T=3,27,21,1
T=3,28,4,1
T=3,28,21,1
T=3,29,4,1
T=3,29,21,1
T=3,30,4,1
T=3,30,21,1
T=3,31,4,1
T=3,31,5,1
T=3,31,6,1
T=3,31,7,1
T=3,31,8,1
T=3,31,9,1
T=3,31,10,1
T=3,31,11,1
T=3,31,12,1
T=3,31,13,1
T=3,31,14,1
T=3,31,15,1
T=3,31,16,1
T=3,31,17,1
T=3,31,18,1
T=3,31,19,1
T=3,31,20,1
T=3,31,21,1
T=3,36,5,1
T=3,37,5,1
T=3,43,8,1

# Prop Data (X,Y,Type,Sprite)
